KFoldCV = 10
best_score: -3.172314940327887

MAE = 8.677823351675412
MSE = 132.64511135625713
r2 = -0.5448541571717991
